ORGANIZATION: 
DIGIT DATE:   
DIGIT NAME:   
MAP NAME:     
MAP DATE:     
MAP SCALE:    1
OTHER INFO:   
ZONE:         0
MAP THRESH:   0.000000
VERTI:
P  1 1
 401163.985   5580489.67   111.259     
 1     1         
P  1 1
 400825.541   5581775.899  287.868     
 1     2         
P  1 1
 400194.05    5580969.841  249.085     
 1     3         
P  1 1
 400376.488   5580264.834  196.027     
 1     4         
P  1 1
 400685.046   5581437.145  209.285     
 1     5         
P  1 1
 401020.806   5580007.39   221.834     
 1     6         
P  1 1
 401556.878   5580230.643  281.146     
 1     7         
P  1 1
 401751.075   5580112.161  156.304     
 1     8         
P  1 1
 400099.001   5580758.077  211.404     
 1     9         
P  1 1
 400743.567   5581734.831  158.383     
 1     10        
P  1 1
 401976.097   5580570.846  207.35      
 1     11        
P  1 1
 401863.503   5581745.305  184.939     
 1     12        
P  1 1
 401984.818   5581551.255  281.924     
 1     13        
P  1 1
 400493.971   5581174.767  108.407     
 1     14        
P  1 1
 401533.7     5580489.721  252.121     
 1     15        
P  1 1
 400440.846   5581468.916  252.86      
 1     16        
P  1 1
 401222.506   5581912.038  275.925     
 1     17        
P  1 1
 401411.047   5580160.963  287.141     
 1     18        
P  1 1
 400848.011   5580061.962  162.949     
 1     19        
P  1 1
 401733.974   5581318.395  136.432     
 1     20        
P  1 1
 401150.148   5581342.299  193.516     
 1     21        
P  1 1
 400076.653   5581478.796  168.047     
 1     22        
P  1 1
 401227.258   5581493.977  123.172     
 1     23        
P  1 1
 401408.022   5581000.006  240.649     
 1     24        
P  1 1
 401323.952   5581466.307  289.621     
 1     25        
