401163.985|5580489.67|111.259|1
400825.541|5581775.899|287.868|2
400194.05|5580969.841|249.085|3
400376.488|5580264.834|196.027|4
400685.046|5581437.145|209.285|5
401020.806|5580007.39|221.834|6
401556.878|5580230.643|281.146|7
401751.075|5580112.161|156.304|8
400099.001|5580758.077|211.404|9
400743.567|5581734.831|158.383|10
401976.097|5580570.846|207.35|11
401863.503|5581745.305|184.939|12
401984.818|5581551.255|281.924|13
400493.971|5581174.767|108.407|14
401533.7|5580489.721|252.121|15
400440.846|5581468.916|252.86|16
401222.506|5581912.038|275.925|17
401411.047|5580160.963|287.141|18
400848.011|5580061.962|162.949|19
401733.974|5581318.395|136.432|20
401150.148|5581342.299|193.516|21
400076.653|5581478.796|168.047|22
401227.258|5581493.977|123.172|23
401408.022|5581000.006|240.649|24
401323.952|5581466.307|289.621|25
