ORGANIZATION: 
DIGIT DATE:   
DIGIT NAME:   
MAP NAME:     
MAP DATE:     
MAP SCALE:    1
OTHER INFO:   
ZONE:         0
MAP THRESH:   0.000000
VERTI:
B  2
 401561.461   5580000     
 401565.17    5580025.846 
B  2
 401159.033   5580228.747 
 401249.053   5580000     
B  2
 401411.153   5580348.182 
 401565.17    5580025.846 
B  2
 401009.702   5580273.08  
 401159.033   5580228.747 
B  2
 401159.033   5580228.747 
 401348.859   5580371.423 
B  2
 401348.859   5580371.423 
 401411.153   5580348.182 
B  2
 401411.153   5580348.182 
 401782.078   5580381.366 
B  2
 401565.17    5580025.846 
 401782.078   5580381.366 
B  2
 401782.078   5580381.366 
 401782.194   5580381.433 
B  2
 400743.919   5580469.43  
 401009.702   5580273.08  
B  2
 401348.811   5580714.804 
 401348.859   5580371.423 
B  2
 401348.811   5580714.804 
 401704.976   5580802.524 
B  2
 401704.976   5580802.524 
 401782.194   5580381.433 
B  2
 400545.787   5580684.753 
 400599.343   5580698.612 
B  2
 400599.343   5580698.612 
 400681.515   5580688.002 
B  2
 400681.515   5580688.002 
 400743.919   5580469.43  
B  2
 401704.976   5580802.524 
 401798.489   5580926.306 
B  2
 400935.614   5580912.391 
 401348.811   5580714.804 
B  2
 400681.515   5580688.002 
 400910.539   5580911.984 
B  2
 400910.539   5580911.984 
 400935.614   5580912.391 
B  2
 400935.614   5580912.391 
 401359.94    5581232.066 
B  2
 400860.3     5581108.754 
 400910.539   5580911.984 
B  2
 401249.078   5581387.445 
 401359.94    5581232.066 
B  2
 400547.766   5581336.355 
 400860.3     5581108.754 
B  2
 401359.94    5581232.066 
 401478.877   5581253.51  
B  2
 401478.877   5581253.51  
 401798.489   5580926.306 
B  2
 400225.877   5581245.199 
 400599.343   5580698.612 
B  2
 400225.877   5581245.199 
 400253.578   5581283.223 
B  2
 400253.578   5581283.223 
 400547.766   5581336.355 
B  2
 401798.489   5580926.306 
 402000       5580991.573 
B  2
 400000       5580929.726 
 400545.787   5580684.753 
B  2
 400000       5581193.098 
 400225.877   5581245.199 
B  2
 401757.796   5581544.273 
 402000       5581283.362 
B  2
 400886.354   5581552.166 
 400945.704   5581527.551 
B  2
 400860.3     5581108.754 
 400945.704   5581527.551 
B  2
 400945.704   5581527.551 
 400956.938   5581535.961 
B  2
 400956.938   5581535.961 
 401249.078   5581387.445 
B  2
 400547.766   5581336.355 
 400583.587   5581611.686 
B  2
 400583.587   5581611.686 
 400886.354   5581552.166 
B  2
 401478.877   5581253.51  
 401600.936   5581591.866 
B  2
 401600.936   5581591.866 
 401757.796   5581544.273 
B  2
 401249.078   5581387.445 
 401339.755   5581704.313 
B  2
 400956.938   5581535.961 
 401072.958   5581701.281 
B  2
 401072.958   5581701.281 
 401339.755   5581704.313 
B  2
 401339.755   5581704.313 
 401521.411   5581745.657 
B  2
 401521.411   5581745.657 
 401600.936   5581591.866 
B  2
 400253.578   5581283.223 
 400272.108   5581966.277 
B  2
 400272.108   5581966.277 
 400583.587   5581611.686 
B  2
 400259.161   5582000     
 400272.108   5581966.277 
B  2
 400661.995   5582000     
 400886.354   5581552.166 
B  2
 401009.702   5580273.08  
 400923.457   5580000     
B  2
 400743.919   5580469.43  
 400541.948   5580000     
B  2
 400545.787   5580684.753 
 400000       5580377.706 
B  2
 401072.958   5581701.281 
 400970.513   5582000     
B  2
 401521.411   5581745.657 
 401587.57    5582000     
B  2
 401757.796   5581544.273 
 402000       5581695.693 
B  2
 401782.194   5580381.433 
 402000       5580274.581 
B  2
 400541.948   5580000     
 400000       5580000     
B  2
 400923.457   5580000     
 400541.948   5580000     
B  2
 401249.053   5580000     
 400923.457   5580000     
B  2
 401561.461   5580000     
 401249.053   5580000     
B  2
 402000       5580000     
 401561.461   5580000     
B  2
 402000       5580274.581 
 402000       5580000     
B  2
 402000       5580991.573 
 402000       5580274.581 
B  2
 402000       5581283.362 
 402000       5580991.573 
B  2
 402000       5581695.693 
 402000       5581283.362 
B  2
 402000       5582000     
 402000       5581695.693 
B  2
 401587.57    5582000     
 402000       5582000     
B  2
 400970.513   5582000     
 401587.57    5582000     
B  2
 400661.995   5582000     
 400970.513   5582000     
B  2
 400259.161   5582000     
 400661.995   5582000     
B  2
 400000       5582000     
 400259.161   5582000     
B  2
 400000       5581193.098 
 400000       5582000     
B  2
 400000       5580929.726 
 400000       5581193.098 
B  2
 400000       5580377.706 
 400000       5580929.726 
B  2
 400000       5580000     
 400000       5580377.706 
C  1 1
 401163.985   5580489.67  
 1     1         
C  1 1
 400825.541   5581775.899 
 1     2         
C  1 1
 400194.05    5580969.841 
 1     3         
C  1 1
 400376.488   5580264.834 
 1     4         
C  1 1
 400685.046   5581437.145 
 1     5         
C  1 1
 401020.806   5580007.39  
 1     6         
C  1 1
 401556.878   5580230.643 
 1     7         
C  1 1
 401751.075   5580112.161 
 1     8         
C  1 1
 400099.001   5580758.077 
 1     9         
C  1 1
 400743.567   5581734.831 
 1     10        
C  1 1
 401976.097   5580570.846 
 1     11        
C  1 1
 401863.503   5581745.305 
 1     12        
C  1 1
 401984.818   5581551.255 
 1     13        
C  1 1
 400493.971   5581174.767 
 1     14        
C  1 1
 401533.7     5580489.721 
 1     15        
C  1 1
 400440.846   5581468.916 
 1     16        
C  1 1
 401222.506   5581912.038 
 1     17        
C  1 1
 401411.047   5580160.963 
 1     18        
C  1 1
 400848.011   5580061.962 
 1     19        
C  1 1
 401733.974   5581318.395 
 1     20        
C  1 1
 401150.148   5581342.299 
 1     21        
C  1 1
 400076.653   5581478.796 
 1     22        
C  1 1
 401227.258   5581493.977 
 1     23        
C  1 1
 401408.022   5581000.006 
 1     24        
C  1 1
 401323.952   5581466.307 
 1     25        
