401163.985|5580489.67|1
400825.541|5581775.899|2
400194.05|5580969.841|3
400376.488|5580264.834|4
400685.046|5581437.145|5
401020.806|5580007.39|6
401556.878|5580230.643|7
401751.075|5580112.161|8
400099.001|5580758.077|9
400743.567|5581734.831|10
401976.097|5580570.846|11
401863.503|5581745.305|12
401984.818|5581551.255|13
400493.971|5581174.767|14
401533.7|5580489.721|15
400440.846|5581468.916|16
401222.506|5581912.038|17
401411.047|5580160.963|18
400848.011|5580061.962|19
401733.974|5581318.395|20
401150.148|5581342.299|21
400076.653|5581478.796|22
401227.258|5581493.977|23
401408.022|5581000.006|24
401323.952|5581466.307|25
